460078571413342 
460078055106540 
460078571026298 
460028057140516 
460006509049936 
460006509048257 
460006519023401 
460006509051573 
460006509042905 
460006519005492 
460078065324141 
460006509026250 
460006509006296 
460006528022120 
460006519030137 
460006819006927 
460006509043399 
460006519008462 
460006509016038 
460005709043138 
460006509046868 
460006519004354 
460008082316718 
460006509042721 
460006519029422 
460008784569403 
460006528030155 
460006761604783 
460006519039835 
460006519001188 
460078058126327 
460007163611604 
460006509025770 
460008103536185 
460005730739639 
460005710115341 
460007184644620 
460078067106099 
460006509042197 
460008103638340 
460006509049243 
460005728001756 
460006509021571 
460005719010601 
460006509002756 
460007144627817 
460007403645969 
460006509044787 
460006519026243 
460006519036294 
460006519038845 
460006509009442 
460006509044814 
460008154614204 
460006819002862 
460007163622789 
460008103532458 
460007104647807 
460007104641066 
460006509048075 
460006509004722 
460006519020709 
460006819006427 
460078571321639 
460006519007164 
460006509022435 
460005710113559 
460005817029181 
460005719012099 
460006549075074 
460006509030808 
460078065121056 
460006509046740 
460006509026608 
460005730739431 
460000536011966 
460006639001188 
460006519001391 
460078067106166 
460005899019852 
460006519001581 
460007163618276 
460006509042107 
460006509046389 
460006599007867 
460006509048902 
460006509041236 
460005839002995 
460078067107341 
460005719012630 
460005806004478 
460006509048169 
460006509049357 
460005718039061 
460006519035283 
460008174628992 
460008004532642 
460008154612539 
460000822526660 
460008103632390 
460008174616908 
460005719013199 
460006516007689 
460008152507175 
460006509025452 
460006519024137 
460006509041801 
460005728014316 
460006509041334 
460007172523925 
460005719013423 
460006509025680 
460006509048337 
460006509041352 
460007133646076 
460007154629445 
460005806002948 
460008022352711 
460006509049298 
460006509044211 
460006546006076 
460008103538333 
460005798025180 
460008004637543 
460005716037560 
460005748027684 
460005719012603 
460008004533101 
460006509044749 
460000802503270 
460006519036451 
460008034612391 
460005806029837 
460006509047114 
460006519031311 
460008004639215 
460005719013265 
460005806028780 
460006528022787 
460028571417127 
460007114624143 
460007104634870 
460006509021930 
460008004538383 
460006509041342 
460005706028727 
460005758023037 
460007124642720 
460005719011581 
460006509047786 
460006509006294 
460008004537487 
460008004537423 
460006819001692 
460005718039441 
460008850833516 
460007193610071 
460005719011525 
460006509046089 
460006509003634 
460005798024795 
460006509042561 
460008820803364 
460005719013690 
460008004633493 
460006509048818 
460007154636629 
460005719012637 
460078057009162 
460006509012339 
460006538057705 
460078068326208 
460006519029422 
460009594803393 
460078068909812 
460079057851802 
460078068620685 
460009103140351 
