18857100008
18855100008
18858160008
15805710008
13905718079
13905710202
13905710059
13905710233
13905710298
13905710089
18805710089
13905710206
13905710261
13805710100
13905710813
13905710254
13905710390
13905718282
13905718289
13905708228
13905710263
13905710252
13735550999
13905710277
13905710276
13957710088
13805710105
13605735678
13905710231
13905718105
18805710039
13868001999
13905710245
13858100006
13505710056
13505710051
13968120000
18805710096
13905718148
13858100000
13905710050
13805719990
13905710768
13905710698
13905718180
13957191818
13858090885
13905710425
13905710407
13905710482
13905710260
13905718037
13905710520
13967110003
13905710211
13858091099
13858100004
13958090002
13958125995
13905710575
13905710053
13905710270
13905716110
18857100588
13905710518
13905710067
13505710053
13705812323
13905718152
13906860201
13905710215
18805710303
13905710528
13905710717
13505710055
13600520000
13905770588
13905710738
18805710589
13905790090
13905710253
13857119919
13905710820
13905710265
13905760909
13905710056
13905710227
13905730208
18805710208
13905718101
13606805576
13905711976
13905710406
13805718842
13905710007
13968140000
13957100000
13968030000
13750885016
13858098506
13957183271
13905710030
13606808705
13750885003
13905718226
13905718292
13905718207
13805701002
13905718258
13757189900
13906526633
13905710722
13905712269
13905712883
13857172526
13957168317
13605800000
13738050831
13905711987
13905712189
13605718123
13858000000
13805711771
13957141186
13605710579
13805756677
13905712016
13958037099
13905718377
13750885010
13905718147
13957188112
13606810000
13906817102
13905718223
13957170755
13905713727
13606611789
13805708833
15857119090
13968020000
13958049556
13905718271
13967110001
13905719987
13606808096
13805711088
13958194017
13905710032
13905710297
13905718299
13958198807
13957100700
13906813234
13805769222
13588776875
13868000001
13905718212
13906810081
13905718257
13805710118
13905710024
13588490002
13906818008
13958198819
13906714484
13968121000
13905718113
18805708113
13905710271
13806828666
18805730900
13905710726
13905750139
18805790008
18805780039
18805760900
13819170626