50
51
81
85
102
113
145
22288
22289
22290
22291
22292
22293
22294
22295
22296
22297
22298
22299
22300
22301
22302
22303
22448
22449
22450
22451
22452
22453
22454
22455
22456
22457
22458
22459
22460
22461
22462
22463
22528
22529
22530
22531
22532
22533
22534
22535
22536
22537
22538
22539
22540
22541
22542
22543
22544
22545
22546
22547
22548
22549
22550
22551
22552
22553
22554
22555
22556
22557
22558
22559
22560
22561
22562
22563
22564
22565
22566
22567
22568
22569
22570
22571
22572
22573
22574
22575
22688
22689
22690
22691
22692
22693
22694
22695
22696
22697
22698
22699
22700
22701
22702
22703
22704
22705
22706
22707
22708
22709
22710
22711
22712
22713
22714
22715
22716
22717
22718
22719
22768
22769
22770
22771
22772
22773
22774
22775
22776
22777
22778
22779
22780
22781
22782
22783
26640
26641
26642
26643
26644
26645
26646
26652
26653
26654
26714
26719
26829
26830
26831
26832
26835
26837
26839
55040
55041
55042
55043
55044
55045
55046
55047
55048
55049
55050
55051
55052
55055
55056
55057
55058
55059
55062
55063
55064
55065
55066
55067
55068
55069
55070
55071
55146
55264
55265
55266
55267
55268
55269
55270
55271
55272
55273
55274
55275
55276
55277
55279
55296
55298
55299
55300
55301
55302
55303
55304
55306
55307
55308
55309
55311
55061
55053
26713
26715
26717
26648
55035
55310